"Y_fix","x0","x2","x3","x4","x7","x14"
13.1545053863733,0.992044146785318,0.773794434492548,0.396817658714127,1.43846401283871,164.996782493334,17.5790222810358
8.4906923471465,0.874109528442421,0.651805432185088,0.209643811376968,1.11745881624151,71.9418967705435,16.1592208439997
12.440952808975,0.874109528442421,0.585582146331816,0.367268477395029,1.20634238697515,146.347293001732,24.1448742280561
11.12278273023,0.874109528442421,0.614394479340846,0.449643811376968,1.47753005396612,74.0642698750402,19.0389381225865
9.01230744048511,0.874109528442421,0.531876669909695,0.337054764221211,1.70228072192999,162.05133129245,25.313830151257
7.78178428734293,0.874109528442421,0.681947907634301,0.139643811376968,1.43954919932502,140.410164805568,14.0087010350853
24.6818788993949,0.874109528442421,0.63432324161624,0.22608081040406,1.72850400778327,68.1279764662049,19.7106222241645
20.1382491196677,0.874109528442421,0.618099955762967,0.408527382110605,1.6457724851783,90.0111398388608,16.7604808634579
11.7354218702682,0.874109528442421,0.600617765194119,0.114608192514665,1.70206700875618,153.584919897235,21.5326179951961
8.20192787753474,0.874109528442421,0.64313557462527,0.368598619835212,1.8157724851783,119.821896770543,18.7398875873337
12.7248007608463,0.874109528442421,0.588099955762967,0.280902716092544,1.70066562859139,110.799657223555,22.9406233389071
7.91879230290947,0.874109528442421,0.654394479340846,0.208456144385999,0.773254675747145,161.66055659542,14.8971326904014
8.81138023532263,0.874109528442421,0.566841051047392,0.288527382110605,1.72159171901127,92.0916385382001,23.4576057506611
7.86731857027748,0.874109528442421,0.636912288771998,-0.0202849508984253,0.647102627618479,78.8280588160883,17.9695792621079
4.2206199946793,0.874109528442421,0.589358860478543,0.0574821905688484,0.50921638502933,114.981972431971,20.2998630982637
9.1839681677358,0.874109528442421,0.684394479340846,0.142446571706545,1.0119479076343,75.8471594442236,13.4882958683224
11.3787199504423,0.874109528442421,0.683064336900664,0.0611164292663631,1.46277938600224,57.5632547110143,11.1479140758869
3.43126224894335,0.874109528442421,0.681805432185088,0.189928762275394,1.32857524550787,57.5384506059401,12.8169868707244
20.548029832781,0.874109528442421,0.711805432185088,0.174821905688484,1.2073875785169,59.341015164026,11.5571059718463
22.5036398124105,0.874109528442421,0.688028718038361,0.274821905688484,2.04375333981939,41.879732884983,12.0055854905596
16.2313368308957,0.874109528442421,0.670546527469513,0.202232858532726,1.04052315314217,64.215120233498,14.9365594443767
18.557724851783,0.874109528442421,0.683064336900664,0.069786286826181,1.313824577544,63.1171683268972,12.9626647438507
3.92630009729084,0.874109528442421,0.621805432185088,0.0974109528442421,0.493682102094783,88.1358860478543,18.1940894983429
13.3628996018667,0.874109528442421,0.699358860478543,0.456152048128666,2.21439447934085,68.0434461646033,13.4508604264082
14.023614208598,0.874109528442421,0.670546527469513,0.470831478367938,1.08045191541757,41.3735129433576,16.2582702645099
3.23967164467468,0.874109528442421,0.703064336900664,0.273278050074483,1.33753005396612,98.6391585242158,12.119981084643
7.33159283375386,0.874109528442421,0.609287622753937,0.157197239670423,1.23990538794806,115.286393629867,20.9446594001397
16.4941351322549,0.874109528442421,0.700617765194119,0.214821905688484,1.63997662567266,78.50055659542,12.5447328673495
14.9569167477424,0.874109528442421,0.660546527469513,0.509786286826181,2.39087934176521,73.4006901529284,17.4100278332977
12.3797195080719,0.874109528442421,0.68432324161624,0.332019145358907,1.42016696451914,65.5790249667074,14.3940193753608
4.4095525435528,0.874109528442421,0.521805432185088,0.149643811376968,1.31969167477424,143.392039210726,28.4112633636859
11.2944434574807,0.874109528442421,0.671947907634301,0.614821905688484,2.05612867380133,88.3787578516904,14.1365639033471
7.96924310358445,0.874109528442421,0.615582146331816,0.339430098203149,0.786746438995447,77.1691496415422,19.8264893213947
8.08529942491857,0.874109528442421,0.650617765194119,0.217126001945817,1.30529719543339,71.0192164202964,15.5090794832931
10.2517364239457,0.874109528442421,0.556841051047392,0.336009572679454,1.21871772095709,69.5415895247932,23.7474632752119
8.87233081481245,0.874109528442421,0.578171193487574,0.333420525523696,1.13375333981939,110.898833513118,22.9205532159251
7.35206923824136,0.874109528442421,0.756912288771998,0.30216162080812,0.955083482259572,69.3722885603952,13.9616696451914
9.85104742102694,0.874109528442421,0.634252003891634,0.375938334954847,1.01900267185551,74.6696661062288,16.6571304609162
8.49275824116008,0.874109528442421,0.656841051047392,0.267126001945817,0.733967052993208,90.7790249667074,17.3294824205708
4.8974610457267,0.874109528442421,0.655582146331816,0.289715049101575,0.95921638502933,94.8595993274746,14.3899577103157
12.1570325046365,0.874109528442421,0.695582146331816,0.248456144385999,1.10529719543339,71.7691496415422,12.5062277448236
8.1522362027605,0.874109528442421,0.620546527469513,0.263491763248302,1.3338958152686,121.019024966707,20.3282224011126
11.9887911881669,0.874109528442421,0.609358860478543,0.522232858532726,1.84242319737921,100.052671467573,19.8290082455685
15.6257279660088,0.874109528442421,0.571876669909695,0.349501335927756,1.58444234273811,123.556135397524,23.5923575333676
4.93335374676946,0.874109528442421,0.606912288771998,0.207126001945817,0.988361532334055,139.55690121188,18.9314559320176
21.5949187472256,0.874109528442421,0.62313557462527,0.127268477395029,1.56641362469975,117.760231584322,16.3276781031283
9.30872329467005,0.874109528442421,0.640617765194119,0.429857524550787,1.53346838892096,118.407542351402,15.8717152791035
13.721689675291,0.874109528442421,0.558099955762967,0.253349287799089,1.23969167477424,138.434145200205,25.9287221799275
29.4201703087469,0.874109528442421,0.738171193487574,0.0409739538171505,1.41619991152593,29.0215138633653,8.83611198792955
7.61459262138547,0.874109528442421,0.696769813322785,0.669928762275394,1.26857524550787,36.7217230823017,10.0802170574016
28.6847061487944,0.874109528442421,0.729287622753937,-0.0556055206591538,1.19494100681036,136.806852198473,7.15463491106978
15.9156611872546,0.874109528442421,0.595510908607209,0.0162232858532726,1.23627114925054,127.898374944512,19.0148241351737
21.0786988056001,0.874109528442421,0.651876669909695,0.217482190568848,1.21249443510381,102.165169246905,16.8796015216927
