"Y_fix","x0","x2","x3","x4","x7","x13"
13.1055256648434,0.988350351798148,0.770913274402556,0.395340140719259,1.43310801010732,164.382430511068,9.96257154612534
8.14188279623564,0.847804132446127,0.631287223307979,0.199121652978451,1.07931599204688,67.5667833084398,13.225865655057
12.1736899856526,0.847804132446127,0.565853099334595,0.360429074435993,1.17214537217996,143.904047821596,4.23358899490483
10.7618726971609,0.847804132446127,0.596506810063366,0.439121652978451,1.44149166145119,69.9069650917859,20.9737707782509
8.67428310193273,0.847804132446127,0.513462892712289,0.323902066223063,1.65887681853611,159.579676284638,8.53777874851694
7.50215792790233,0.847804132446127,0.665638562116599,0.129121652978451,1.3893058929721,135.836182549733,10.79191309346
24.4419736879087,0.847804132446127,0.614331140659056,0.221082785164764,1.68431094250949,63.8586106960064,9.6023320688212
19.4587807410835,0.847804132446127,0.598897016685673,0.401951033111532,1.59474001694549,87.681533969429,6.52670360577938
11.1201386579149,0.847804132446127,0.58194093403675,0.103033818276296,1.65234981032318,150.92386603825,10.2598182166539
7.81576466430914,0.847804132446127,0.624984851387827,0.364126702515842,1.76474001694549,115.44678330844,30.6467036057794
12.4604315310836,0.847804132446127,0.568897016685673,0.270643611653989,1.64647651283902,107.096909683117,6.58885389125451
7.55077981292131,0.847804132446127,0.636506810063366,0.199775363707222,0.721696099594409,158.279787101976,15.5267036057794
8.55674400207851,0.847804132446127,0.547375058010134,0.281951033111532,1.69476021509505,87.4134869142192,13.5700554086691
7.60347544843465,0.847804132446127,0.619550727414444,-0.0287026776172394,0.598437645025334,75.8166170824326,10.8544269456273
3.98045172923314,0.847804132446127,0.570418975361211,0.0569560826489225,0.486067636552592,112.529257309277,15.2527510441824
9.0427081912357,0.847804132446127,0.666506810063366,0.140868247946768,0.995638562116599,72.5137396635732,7.09005540866907
11.1193487459188,0.847804132446127,0.662809181983518,0.057170619866919,1.43410650436628,55.1484193585544,14.7206561673764
3.09928815147012,0.847804132446127,0.661287223307979,0.18782433059569,1.2864866119138,55.7202216346763,22.3744269456273
20.4159767448796,0.847804132446127,0.691287223307979,0.169560826489225,1.16714032264257,57.5985457332314,10.9794546499618
21.946491525209,0.847804132446127,0.666721347281363,0.269560826489225,2.00692578542458,40.0993836839539,5.31358899490483
15.569230013669,0.847804132446127,0.64976526463244,0.194341239733838,0.982125174030401,62.8893282752848,7.48939924129272
18.0474001694549,0.847804132446127,0.662809181983518,0.0634729917870704,1.27910145482889,61.2610595853987,7.32502770433454
3.37388678136866,0.847804132446127,0.601287223307979,0.0947804132446127,0.454750116020268,86.2418975361211,7.68502770433454
13.1900731501711,0.847804132446127,0.680418975361211,0.453258454569074,2.19650681006337,65.4865616737635,13.3902371920151
13.6503406394105,0.847804132446127,0.64976526463244,0.45846794224968,1.01994950462609,39.2617157527751,7.83358899490483
2.82378333397326,0.847804132446127,0.682809181983518,0.259336190196447,1.30149166145119,97.2849567383266,13.225865655057
7.19401561269324,0.847804132446127,0.588243305956901,0.148253405031683,1.20018423999365,112.521170402737,8.19358899490483
16.2839550182446,0.847804132446127,0.68194093403675,0.209560826489225,1.60235990939796,75.1197871019762,13.1710751427376
14.4965723178072,0.847804132446127,0.63976526463244,0.503472991787071,2.34300352105195,70.9100952599993,18.2735889949048
11.9283189127755,0.847804132446127,0.664331140659056,0.317814231520908,1.35124682700885,63.3346485803035,11.2769407977945
4.02707208576668,0.847804132446127,0.501287223307979,0.139121652978451,1.27365723178072,141.384411388288,22.6483795072242
11.1302977864638,0.847804132446127,0.655638562116599,0.609560826489225,2.01561836396704,84.3540322642574,7.37945464996179
7.65147391994921,0.847804132446127,0.595853099334595,0.322594644765521,0.727559298003785,74.3376368165011,4.78149411809878
7.83566121691374,0.847804132446127,0.63194093403675,0.206077735627373,1.27715042171736,68.6327908955126,8.7337707782509
10.0076223491001,0.847804132446127,0.537375058010134,0.328907115760454,1.18083795072242,67.3729726788587,1.76065616737635
8.57192319253477,0.847804132446127,0.561072686089982,0.323687529005067,1.09692578542458,108.796506265094,5.98688538912545
7.08086060551957,0.847804132446127,0.739550727414444,0.292165570329528,0.920623413504426,66.1903878606835,4.4137707782509
9.623505745659,0.847804132446127,0.612155471254746,0.366731446356144,0.989540628339662,72.4442296049423,5.29814231520908
8.20497720896063,0.847804132446127,0.637375058010134,0.256077735627373,0.703452793637507,88.5346485803035,7.7085612905703
4.63782678724327,0.847804132446127,0.635853099334595,0.281297322382761,0.936067636552592,92.1890755259308,10.5650277043345
11.9955173732192,0.847804132446127,0.675853099334595,0.239775363707222,1.07715042171736,68.9376368165011,6.11191309345999
7.81210743252842,0.847804132446127,0.59976526463244,0.255863198409377,1.3012771242332,118.774648580304,8.87460872897332
11.7315244153231,0.847804132446127,0.590418975361211,0.514341239733838,1.80322815734473,96.5866724911017,17.185865655057
15.2779706309378,0.847804132446127,0.553462892712289,0.334770314169831,1.53104238886564,120.487874008516,10.8308933593915
4.47853344999353,0.847804132446127,0.589550727414444,0.196077735627373,0.939959603700873,135.920443269353,14.477960531863
21.407887381692,0.847804132446127,0.604984851387827,0.120429074435993,1.53432104158427,113.631336628744,12.2396364333079
8.71711493871339,0.847804132446127,0.62194093403675,0.42564866119138,1.48822310780734,114.790024293991,5.67358899490483
13.402342167896,0.847804132446127,0.538897016685673,0.241511859600757,1.19365723178072,134.863976855588,17.1546087289733
29.0190130198034,0.847804132446127,0.721072686089982,0.0328192810582993,1.37779403337135,24.9304986780216,5.48568387171089
6.79018151086161,0.847804132446127,0.675199388605824,0.66782433059569,1.2264866119138,35.4432808368818,12.7798182166539
28.3806157710772,0.847804132446127,0.708243305956901,-0.0734931899366338,1.15627207469581,135.679929033992,14.7831700195436
15.1228165519263,0.847804132446127,0.573677429930285,0.0154341239733838,1.19996970277565,124.157747633839,8.58484592098846
20.5602194505132,0.847804132446127,0.633462892712289,0.216956082648923,1.17540382674904,98.3298425106453,13.0614941180988
